X_AL,Temp
0.11999999999999934,656.1363886828426
0.12999999999999934,661.897727877455
0.13999999999999935,667.3315161870099
0.14999999999999936,672.4822132844957
0.15999999999999936,677.3875419887333
0.16999999999999937,682.0799857475298
0.17999999999999938,686.5878745666357
0.1899999999999994,690.936164738041
0.1999999999999994,695.1469928072376
0.2099999999999994,699.2399734380024
0.21999999999999942,703.2323225561574
0.22999999999999943,707.1385112829781
0.23999999999999944,710.9698349601146
0.24999999999999944,714.7338119389084
0.25999999999999945,718.4337737491944
0.26999999999999946,722.0691389659913
0.27999999999999947,725.6366359032305
0.2899999999999995,729.1320896193052
0.2999999999999995,732.5519825919984
0.3099999999999995,735.8942923582043
0.3199999999999995,739.1586535177927
0.3299999999999995,742.3461429349961
0.3399999999999995,745.4589441138805
0.34999999999999953,748.5000250043008
0.35999999999999954,751.4728759612718
0.36999999999999955,754.381312554591
0.37999999999999956,757.2293330516854
0.38999999999999957,760.0210178305074
0.3999999999999996,762.760459439297
0.4099999999999996,765.4517146302035
0.4199999999999996,768.0987719672169
0.4299999999999996,770.7055303985788
0.4399999999999996,773.2757855719382
0.4499999999999996,775.8132215752864
0.45999999999999963,778.3332784865654
0.46999999999999964,780.8140103565116
0.47999999999999965,783.2723356745491
0.48999999999999966,785.7114690937663
0.49999999999999967,788.1345105454977
0.5099999999999997,790.5444484556473
0.5199999999999997,792.9441626502538
0.5299999999999997,795.3364280675555
0.5399999999999997,797.7239178420002
0.5499999999999997,800.1092069960569
0.5599999999999997,802.4947758952455
0.5699999999999997,804.8830138174824
0.5799999999999997,807.2762221396956
0.5899999999999997,809.6766171759112
0.5999999999999998,812.0863346638444
0.6099999999999998,814.5074315317027
0.6199999999999998,816.9418897259914
0.6299999999999998,819.3916187164148
0.6399999999999998,821.8584589275234
0.6499999999999998,824.3441840468838
0.6599999999999998,826.8505055355162
0.6699999999999998,829.3789399621427
0.6799999999999998,831.9444947129315
0.6899999999999998,834.5229735498621
0.6999999999999998,837.12827894499
0.7099999999999999,839.7618431019641
0.7199999999999999,842.4250500056428
0.7299999999999999,845.1192378966842
0.7399999999999999,847.8457016973935
0.7499999999999999,850.6056954207871
0.7599999999999999,853.4004345484184
0.7699999999999999,856.231098394459
0.7799999999999999,859.0988324244329
0.7899999999999999,862.0047505846785
0.7999999999999999,864.9499375805686
0.8099999999999999,867.9354511517218
0.817,870.0498521327972
0.82,870.9604274096072
0.83,874.0315676881764
0.84,877.1441714137084
0.85,880.3011077532603
0.86,883.5033330191039
0.87,886.7517897943007
0.88,890.0474090804022
0.89,893.39111242864
0.9,896.7838140660834
0.91,900.2264229922353
0.92,903.7198450817779
0.93,907.2649851695703
0.9400000000000001,910.8627491220758
0.9500000000000001,914.5140459136705
0.9600000000000001,918.2197896887793
0.9700000000000001,921.9809018313803
0.9800000000000001,925.7983130328481
